19.2344,21.4431,24.6153,28.5127,29.7083,20.2869,2.9495,-7.7152,-10.2039,-9.2318,-7.138,-4.647,-1.9827,0.7435,3.3473,4.3798,-0.7677,-7.4451,-4.6708,-3.3308,-4.3515,-1.4985,-3.8528,-5.227,-4.8591,-4.206,-3.8914,-4.0087,-2.2378,4.7942,0.491,-5.9701,-11.4771,-12.8945,-1.3385,8.56,8.2748,-1.7476,-5.7281,-4.6881,-3.7099,-3.731,-4.6134,0.1179,9.7252,15.4044,15.7613,13.6029,11.3881,9.4488,7.6631,5.8953,4.015,1.8356,-0.9855,-4.9175,-9.1336,-9.6182,-3.7535,0.6149,-1.2554,-2.0247,-2.0067,-2.2333,-1.8757,-1.0436,-0.5269,-0.4537,-0.6195,-1.1088,-4.0368,-0.5612,-2.1019,-3.8376,-2.3308,-3.1244,-0.8682,-6.2106,-6.6367,-6.1738,-5.184,-3.0591,1.2697,6.9365,7.07,4.0275,1.9583,0.0407,-2.8834,1.49,2.9687,1.7045,1.1148,0.6991,-0.6334,-9.0377,-13.1252,12.5057,11.2592,10.6455,12.0537,11.1154,4.4789,-1.6725,-2.9261,-1.6213,0.0997,1.4352,1.6888,1.8534,1.4419,-3.1562,6.7977,-5.6012,-4.6382,-0.7094,10.2955,16.7877,12.1889,6.8362,-0.6105,10.66,20.4477,18.7567,17.4275,16.423,15.6693,15.1752
21.4431,24.6641,29.2197,34.9111,37.5125,26.6102,5.0855,-8.3498,-11.5934,-10.5683,-8.2027,-5.3984,-2.4346,0.5408,3.2615,4.0448,-1.8287,-8.9123,-5.1471,-2.7494,-3.7211,-1.6562,-5.3541,-6.987,-6.3712,-5.4475,-4.87,-4.4552,-0.8068,9.4321,2.8305,-8.6837,-17.75,-17.5885,0.7149,10.4049,8.321,-1.8532,-5.6296,-4.5945,-3.7106,-4.0842,-5.4636,0.6,11.1414,17.7941,18.9252,16.657,14.0785,11.75,9.5815,7.4278,5.1408,2.5077,-0.8512,-5.4019,-10.0311,-10.4342,-2.9924,2.2887,-0.6318,-1.9131,-1.9205,-2.1476,-1.8269,-1.0046,-0.4202,-0.233,-0.2732,-0.5108,-2.5089,-1.5563,-5.3716,-5.1919,-0.972,-2.0804,-2.4259,-7.4921,-7.7849,-7.2409,-6.0838,-3.4723,2.0104,8.6788,8.3812,4.8283,2.5822,0.5968,-2.3812,2.3373,2.8455,0.8682,-0.0311,-0.6918,-2.4755,-12.4726,-16.122,16.9976,14.1146,12.149,12.8548,11.4142,4.2358,-2.0324,-2.4489,-0.1027,2.0936,3.0181,1.8956,0.2283,-2.2454,-6.8091,12.3984,-1.7174,-2.2378,0.4687,9.0545,14.6497,11.8814,8.5205,1.5855,7.2644,17.6527,16.84,15.9815,15.3359,14.8896,14.6795
24.6153,29.2197,35.8708,44.6946,50.5736,38.8898,11.5399,-6.5902,-11.6894,-11.1425,-8.7439,-5.7062,-2.4228,0.9013,3.9123,4.5567,-2.4973,-11.2849,-7.4582,-3.2713,-2.504,-0.5095,-6.2237,-8.7888,-8.2696,-7.2464,-6.5044,-5.5543,0.4964,15.4067,6.7014,-11.7146,-26.4372,-23.019,5.8314,14.3493,8.6693,-2.8642,-6.035,-4.4694,-3.4448,-4.1081,-6.182,1.2099,12.3199,20.7862,23.4239,21.111,18.0097,15.0965,12.3522,9.622,6.7303,3.4185,-0.7648,-6.2642,-11.1406,-10.3102,-0.6987,4.7925,-0.2178,-2.4703,-2.6139,-2.8143,-2.294,-1.0997,-0.0705,0.5119,0.7769,0.9757,0.3366,-2.3077,-11.1198,-8.1278,0.1194,-0.7727,-4.5346,-10.1945,-10.3569,-9.6041,-8.0707,-4.5099,3.2085,11.8524,10.6882,6.036,3.3654,1.149,-2.1355,3.4592,3.0085,-0.0228,-1.3953,-2.3795,-4.6982,-16.5655,-19.239,22.8476,17.8238,14.3319,14.2263,12.0191,3.8664,-2.645,-1.9233,1.9125,5.0285,5.8584,3.3555,-0.6329,-6.3867,-11.6871,21.8238,5.1835,2.3711,3.23,7.6983,11.1554,10.7655,9.8441,3.9338,4.2855,14.306,14.6023,14.3751,14.2238,14.2047,14.3875
28.5127,34.9111,44.6946,59.2595,73.3263,64.9953,30.6436,4.2482,-5.5136,-7.2467,-5.9338,-3.337,-0.0935,3.5133,7.1886,8.71,0.9141,-12.4261,-12.3883,-6.6936,-1.7273,1.5036,-6.8767,-11.4512,-11.7968,-11.1672,-10.5845,-9.0546,1.1174,25.0809,15.4587,-14.2202,-38.9707,-29.3782,17.1678,23.067,11.9612,-2.6441,-6.1714,-4.6631,-3.6124,-4.1287,-5.9748,2.4144,12.0715,23.4722,28.784,26.676,22.9333,19.2303,15.6915,12.1597,8.4194,4.1384,-1.2497,-8.0388,-12.0603,-6.4686,5.8481,8.1556,-1.4063,-5.2982,-5.3612,-5.0365,-3.4805,-0.9627,1.2839,2.7633,3.6319,4.65,6.5591,-0.5637,-23.1466,-15.8224,-1.4416,-0.1629,-6.1162,-14.758,-15.3326,-14.4353,-12.3927,-7.3439,4.2003,16.4002,14.0327,7.6085,4.0691,1.2286,-2.3073,5.3122,4.3892,-0.3033,-2.5783,-4.0878,-7.0168,-20.5744,-19.9825,30.3062,21.7924,16.8032,15.9414,12.8242,3.3957,-3.3775,-1.2671,4.5289,9.4394,11.3922,8.6782,2.5381,-8.6233,-18.4815,34.9245,16.1413,10.5091,8.7008,6.8183,6.79,9.4456,11.5163,8.573,1.857,7.8336,9.9859,10.9411,11.7355,12.5298,13.443
29.7083,37.5125,50.5736,73.3263,103.6965,111.1907,75.1589,37.5087,18.1919,10.0058,7.0719,6.8529,8.2548,10.8738,14.8234,18.7617,12.5911,-8.6268,-20.3812,-17.1047,-6.4864,0.497,-8.9706,-15.9744,-18.2425,-18.9194,-19.1396,-16.8684,1.0276,41.2829,32.1479,-14.2914,-53.2857,-35.2653,34.6054,36.2754,21.5466,4.5284,-3.11,-4.9336,-5.2117,-4.8828,-2.481,8.3627,11.4404,23.7079,31.3498,29.6588,25.4895,21.1673,16.9805,12.7767,8.2947,3.1022,-3.5479,-11.7385,-13.5862,1.6023,18.5167,12.5927,-4.1588,-10.1893,-9.705,-8.0177,-4.2009,0.8189,5.0546,7.8287,9.5282,11.9451,19.0874,11.8087,-42.0642,-29.699,-7.2772,0.3622,-2.5978,-18.9901,-21.7239,-21.3885,-19.2885,-13.0491,2.7506,19.8115,17.0461,8.7855,3.8622,-0.1444,-2.9816,6.8893,7.4411,0.6863,-3.237,-5.6679,-9.2262,-22.7601,-12.5303,38.4136,23.8882,17.9045,16.6452,12.9244,2.6023,-4.4872,-1.7743,5.4109,12.736,18.0415,18.886,13.4633,-4.6449,-29.2921,43.3527,27.5301,20.562,15.9784,6.7639,4.0489,10.782,16.052,20.69,5.3742,-3.2236,0.863,3.4603,5.6716,7.7143,9.7396
20.2869,26.6102,38.8898,64.9953,111.1907,148.8664,131.8447,91.7266,62.0583,43.8439,32.8451,26.2354,22.4532,20.9412,22.4682,28.3364,28.1281,2.9386,-25.0437,-31.0915,-18.5206,-6.5792,-12.1433,-19.7748,-24.3276,-27.0246,-28.6754,-26.1908,-1.6699,50.0257,42.8115,-11.3004,-55.7447,-35.7339,39.2937,36.2652,27.4788,15.9284,2.8001,-4.0287,-6.7083,-5.1137,5.6906,20.4983,12.2868,17.4343,22.8317,21.4794,18.0738,14.4945,11.0118,7.4906,3.6663,-0.9537,-7.3419,-15.9446,-17.4354,3.3046,24.987,14.3146,-3.9024,-10.0994,-9.5368,-7.6612,-2.849,3.504,8.6615,11.8685,13.8341,17.4023,31.2712,41.0896,-48.6738,-37.646,-12.1629,2.2485,8.151,-17.1083,-23.228,-24.2867,-23.166,-17.8567,-1.9868,17.3551,16.1817,7.2839,0.9779,-4.3257,-5.113,4.2197,9.2977,1.9377,-3.8248,-7.4859,-11.5604,-21.1127,5.8798,40.3702,20.78,15.5161,14.5524,11.2993,1.7043,-6.3537,-6.3705,-1.2924,6.2722,15.1398,23.3272,24.2261,3.6933,-44.942,33.2022,30.0634,25.8145,22.02,11.1291,8.3674,16.2767,21.3578,34.8525,19.4807,-11.8625,-8.7902,-5.7427,-2.8665,-0.1664,2.4168
2.9495,5.0855,11.5399,30.6436,75.1589,131.8447,147.6415,123.9189,94.0761,70.3409,53.1236,40.5969,31.2486,24.49,21.4701,26.2644,33.547,17.2329,-14.8354,-27.0895,-17.4968,-7.5215,-10.2743,-17.5815,-23.5393,-27.6411,-30.3702,-28.8153,-7.4698,33.7533,29.8752,-9.0008,-40.7447,-31.4863,15.9289,9.7019,11.6316,11.8214,0.4424,-5.607,-8.1572,-5.5007,7.9366,18.2151,4.7434,2.953,3.9531,3.6177,2.5465,1.3231,0.0941,-1.1889,-2.6857,-4.7927,-8.5012,-14.9295,-17.3167,-1.4855,15.5146,8.1483,-1.0362,-4.2526,-5.1631,-6.011,-3.4511,1.4876,5.643,8.1092,9.6597,13.2119,29.19,56.6276,-37.708,-34.7935,-17.6347,-5.861,14.9288,-6.604,-13.6291,-15.7188,-16.0292,-13.7246,-4.2793,8.8188,8.0363,0.6333,-5.3492,-10.7738,-9.3745,-2.1991,6.7449,1.6347,-4.5951,-9.0633,-13.4211,-16.9454,23.0927,31.3343,14.357,11.7387,11.3394,9.3214,2.2531,-6.4989,-11.1012,-10.6763,-5.6266,4.2027,17.9646,26.5105,12.171,-50.9353,11.8286,25.565,26.2203,27.7704,22.1201,14.2603,13.4508,11.4177,19.3323,23.8027,-11.2487,-11.6676,-10.1117,-8.1914,-6.2663,-4.4482
-7.7152,-8.3498,-6.5902,4.2482,37.5087,91.7266,123.9189,116.7231,94.0865,72.3072,54.8773,41.1405,29.9871,20.9214,14.993,16.9883,26.5779,21.3425,-2.2129,-12.7585,-7.4232,-3.9473,-6.644,-12.8868,-18.4865,-22.5041,-25.219,-24.4103,-9.2863,16.8377,13.8833,-8.2927,-24.8379,-22.7163,-2.2153,-9.8305,-1.9094,6.5135,-2.2148,-7.8814,-10.7254,-9.1127,1.1728,5.2935,-4.6178,-7.7442,-9.1977,-8.5822,-7.8111,-7.2161,-6.7404,-6.3549,-6.113,-6.2686,-7.6273,-11.4589,-13.6106,-3.3139,6.7938,2.3402,-0.2118,-1.7492,-4.1208,-6.8802,-6.0571,-2.4459,0.8491,2.8842,4.3283,7.6632,22.505,52.2307,-26.5825,-28.469,-20.4624,-15.066,14.432,3.1317,-2.5966,-5.0256,-6.3942,-6.7425,-3.9126,1.3782,0.4406,-4.3714,-8.6914,-12.7106,-8.7111,-3.2209,4.0034,0.9423,-4.5245,-8.8508,-12.9003,-12.3423,31.2176,24.0077,10.3747,8.8755,8.3682,7.2754,3.0991,-4.3956,-10.8389,-13.1753,-10.4286,-1.7124,12.8291,24.4528,17.1571,-44.8947,-7.0929,17.4419,21.6515,26.1821,24.4865,13.2641,5.9985,-1.1418,-4.0375,17.5578,-7.2361,-9.9636,-9.9806,-9.2973,-8.4252,-7.5717
-10.2039,-11.5934,-11.6894,-5.5136,18.1919,62.0583,94.0761,94.0865,78.2874,61.1874,46.7239,34.812,24.6985,16.0026,9.523,9.4744,17.7194,18.2469,3.9298,-3.4005,-1.5267,-2.4415,-4.9575,-9.5277,-13.8629,-17.0903,-19.3492,-19.0543,-8.5701,8.9788,6.0903,-7.2932,-14.9377,-12.6228,-4.6386,-12.9468,-4.7801,5.4136,-2.3512,-8.5303,-11.8919,-11.4486,-3.7373,-1.472,-7.5566,-11.1599,-13.541,-12.5467,-11.0496,-9.7531,-8.6493,-7.6811,-6.853,-6.3292,-6.718,-9.0972,-10.7418,-3.6424,2.6102,-0.4758,-0.6895,-1.6947,-4.2827,-7.0935,-6.695,-3.7985,-1.0153,0.8412,2.2976,5.3851,18.4215,42.8843,-19.8424,-21.7884,-17.666,-15.8118,11.2598,6.2892,2.1613,-0.0549,-1.7512,-3.2644,-3.5788,-1.746,-1.7681,-4.5509,-7.5833,-10.2661,-4.87,0.0276,3.6367,1.1562,-3.3623,-7.0763,-10.5313,-9.0456,28.6816,18.6618,7.9411,6.5698,5.8861,5.5427,3.7704,-1.4918,-7.4433,-10.542,-9.2541,-2.5468,9.7391,20.4885,16.7878,-36.0499,-15.9128,10.1744,15.6325,20.1905,20.0422,10.5225,2.8416,-4.9566,-12.0161,12.5049,-4.8898,-8.0795,-8.7364,-8.6548,-8.3142,-7.9277
-9.2318,-10.5683,-11.1425,-7.2467,10.0058,43.8439,70.3409,72.3072,61.1874,48.3688,37.1879,27.7347,19.4879,12.1649,6.3732,5.5419,11.9211,14.3173,5.8359,0.605,0.2846,-2.4314,-4.4126,-7.4748,-10.5846,-13.0141,-14.82,-14.9052,-7.5485,5.6685,3.2709,-5.759,-9.1139,-5.174,-1.9141,-10.3347,-4.3643,4.1826,-2.7328,-8.482,-11.5825,-11.3913,-4.7672,-2.2788,-6.6365,-10.9129,-13.516,-12.4797,-10.8716,-9.4722,-8.295,-7.2801,-6.4166,-5.8197,-5.9467,-7.6304,-8.9316,-3.8827,0.3889,-1.7551,-1.2492,-1.9533,-4.1092,-6.291,-5.8541,-3.4247,-1.057,0.5991,1.9492,4.6311,15.5313,34.194,-15.3398,-16.0997,-13.1594,-12.9105,7.9149,5.6782,2.8368,1.0714,-0.4853,-2.1709,-3.2727,-2.0178,-0.9085,-2.5865,-4.9939,-6.9626,-1.7933,2.3167,3.5375,1.3873,-2.2095,-5.2095,-8.0196,-6.8434,22.3262,13.9971,6.0501,4.843,4.2439,4.534,4.3802,0.9903,-3.9993,-7.1867,-6.8537,-2.042,7.5362,16.3936,14.4077,-27.1712,-16.9023,5.4135,10.6956,14.37,14.7614,8.2422,2.2091,-4.574,-11.6449,8.8802,-3.9334,-6.6758,-7.3764,-7.4504,-7.2809,-7.0466
-7.138,-8.2027,-8.7439,-5.9338,7.0719,32.8451,53.1236,54.8773,46.7239,37.1879,28.789,21.6165,15.2906,9.6133,5.1047,4.5456,9.5666,11.6643,5.8967,1.6554,0.1676,-2.8134,-4.1962,-6.1813,-8.3724,-10.1728,-11.5974,-11.8845,-6.5724,4.1572,2.5049,-4.2816,-5.8331,-0.8521,1.0848,-6.8092,-3.449,2.2631,-3.6406,-8.2594,-10.5764,-10.0515,-3.8547,-0.97,-4.9295,-9.4281,-11.7621,-10.8076,-9.3666,-8.1334,-7.1216,-6.2784,-5.5928,-5.1549,-5.3147,-6.6895,-7.7547,-3.9704,-0.6952,-2.1685,-1.6411,-2.1599,-3.7298,-5.1941,-4.6161,-2.5277,-0.5217,0.8912,2.0297,4.1858,12.7953,27.3695,-11.4543,-11.5107,-9.1033,-9.7019,5.05,3.6869,1.7495,0.4584,-0.7599,-2.1276,-2.8591,-0.9578,1.0247,-0.1953,-2.3896,-4.0687,0.0325,2.8302,2.9713,1.295,-1.4415,-3.7439,-5.9021,-5.07,16.308,10.1156,4.4354,3.5437,3.2357,4.0493,4.8719,2.7491,-1.4391,-4.577,-4.8924,-1.5584,5.7411,12.8226,11.7485,-19.5007,-14.5249,2.3537,6.89,9.5814,10.2965,6.6433,2.4324,-3.0376,-8.7853,5.296,-3.7421,-5.6423,-6.0981,-6.102,-5.9248,-5.696
-4.647,-5.3984,-5.7062,-3.337,6.8529,26.2354,40.5969,41.1405,34.812,27.7347,21.6165,16.4682,11.9982,8.0939,5.3002,5.9653,10.4038,10.8396,5.2854,1.0877,-0.892,-3.2594,-4.1016,-5.4135,-6.9765,-8.3059,-9.4025,-9.7123,-5.7072,3.2071,2.394,-3.1572,-4.1546,1.3193,3.5507,-3.3862,-2.5321,-0.0077,-4.7284,-7.8816,-9.1599,-8.0337,-2.2187,0.3887,-3.8129,-7.6271,-9.2136,-8.3663,-7.2379,-6.3153,-5.5934,-5.031,-4.6255,-4.4571,-4.8028,-6.0983,-6.9641,-3.7858,-0.9769,-2.043,-1.8764,-2.3063,-3.2951,-4.1037,-3.3868,-1.5762,0.096,1.2298,2.0814,3.6241,9.8567,22.1685,-7.6,-7.7796,-5.9395,-6.9566,2.8259,1.2831,-0.0926,-0.9646,-1.769,-2.5726,-2.3778,0.5704,3.0514,1.9347,-0.2287,-1.8466,0.8459,2.1501,2.145,1.0585,-0.8911,-2.5341,-4.0338,-3.3095,11.391,6.7096,2.8642,2.4421,2.5854,3.8615,5.2438,3.9378,0.3458,-2.7238,-3.4808,-1.2463,4.234,9.7737,9.1193,-13.3454,-10.9419,0.2975,3.8758,5.6206,6.6545,5.5661,2.9334,-1.2404,-5.212,1.3206,-4.0596,-4.8817,-4.9281,-4.7328,-4.4478,-4.146
-1.9827,-2.4346,-2.4228,-0.0935,8.2548,22.4532,31.2486,29.9871,24.6985,19.4879,15.2906,11.9982,9.3807,7.4305,6.8561,9.8567,14.7905,12.4798,4.6975,-0.5481,-2.6744,-3.8713,-4.23,-5.1731,-6.3293,-7.3055,-8.1004,-8.2555,-5.0197,2.1874,2.3429,-2.3532,-3.2895,2.5044,5.7068,-0.2153,-1.796,-2.4841,-5.7359,-7.2162,-7.2963,-5.4496,-0.3442,0.9131,-3.7529,-5.6937,-6.0367,-5.305,-4.6086,-4.1146,-3.7822,-3.5847,-3.5358,-3.7175,-4.3587,-5.7346,-6.3765,-3.212,-0.6122,-1.5333,-1.9889,-2.431,-2.8809,-3.0959,-2.2598,-0.702,0.6391,1.4535,1.9498,2.7861,6.4923,17.9963,-3.5735,-4.6824,-3.6496,-4.6093,1.4294,-1.1119,-2.2518,-2.791,-3.1573,-3.2558,-1.8588,2.1114,4.6454,3.469,1.3143,-0.3589,0.7724,0.729,1.2893,0.8727,-0.3425,-1.3485,-2.1657,-1.3112,7.3255,3.3189,1.1074,1.338,2.0805,3.8023,5.494,4.7405,1.6235,-1.3674,-2.4209,-1.0078,2.9719,7.0767,6.4003,-8.4638,-6.7377,-1.025,1.4466,2.1949,3.4704,4.6942,3.4204,0.5415,-1.3582,-3.1541,-4.7692,-4.3191,-3.8446,-3.3662,-2.9095,-2.4855
0.7435,0.5408,0.9013,3.5133,10.8738,20.9412,24.49,20.9214,16.0026,12.1649,9.6133,8.0939,7.4305,7.7767,10.2564,17.4937,25.0166,18.7518,5.3011,-2.8701,-5.2814,-4.978,-4.8791,-5.6824,-6.6109,-7.3297,-7.8295,-7.6216,-4.6311,0.7153,2.1489,-1.6512,-2.3229,4.2408,8.2121,2.6699,-1.4727,-5.2198,-6.6087,-6.2458,-4.9711,-2.3366,1.4198,-0.0349,-4.9612,-3.4982,-2.0645,-1.4842,-1.3735,-1.4557,-1.6374,-1.9121,-2.3187,-2.9548,-4.0234,-5.6424,-5.9651,-2.0896,0.4914,-0.5685,-1.922,-2.4987,-2.4075,-2.011,-1.0658,0.2194,1.1886,1.6139,1.6592,1.6439,2.5066,14.4341,0.8447,-2.0615,-2.3074,-2.5225,1.2354,-3.2483,-4.5359,-4.8687,-4.8056,-4.0883,-1.2639,3.5513,5.6249,4.3238,2.2512,0.4746,-0.0068,-1.1326,0.4742,0.7816,0.2832,-0.0784,-0.1588,1.0404,3.526,-0.6443,-1.1602,-0.0508,1.4375,3.6343,5.5606,5.3249,2.6803,-0.2263,-1.4948,-0.7057,1.9968,4.6411,3.3887,-4.4725,-1.8442,-1.6519,-0.4474,-0.9191,0.3733,3.7671,3.6948,2.0825,2.5103,-8.2515,-5.8151,-3.9238,-2.8623,-2.0512,-1.3814,-0.7986
3.3473,3.2615,3.9123,7.1886,14.8234,22.4682,21.4701,14.993,9.523,6.3732,5.1047,5.3002,6.8561,10.2564,17.7949,34.5997,51.415,39.1092,12.0311,-4.2301,-8.7509,-7.1904,-6.7263,-7.6382,-8.5502,-9.1378,-9.3615,-8.5322,-5.1515,-2.1544,1.4986,-0.5299,0.6773,9.4628,11.7283,4.6729,-1.5172,-7.8214,-7.5514,-5.6113,-2.9338,0.4157,1.5616,-3.8922,-7.1722,-0.1542,3.4854,3.7032,2.9049,1.95,0.9967,0.0158,-1.0783,-2.426,-4.2396,-6.4407,-6.1521,0.138,3.2943,1.6372,-1.1135,-1.8078,-0.6718,0.7898,1.8465,2.592,2.8826,2.6288,1.9285,0.6786,-1.9247,12.6714,6.8061,0.4968,-2.313,-0.6035,3.3011,-4.8702,-6.9606,-7.3551,-6.9598,-5.3087,-0.5157,5.4091,6.7292,5.3373,3.4719,1.6918,-0.1597,-2.9533,-0.8664,0.1117,0.3922,0.7445,1.4939,3.123,-2.2116,-6.38,-4.6291,-2.4528,-0.1339,2.6696,5.2389,6.1275,4.2434,1.3598,-0.2035,0.0934,1.8015,2.8778,0.0233,-0.3434,4.8423,-1.3675,-1.6078,-3.8658,-2.8652,2.9195,3.6808,2.763,6.1044,-13.1049,-6.8116,-3.6142,-2.1136,-1.0456,-0.184,0.5776
4.3798,4.0448,4.5567,8.71,18.7617,28.3364,26.2644,16.9883,9.4744,5.5419,4.5456,5.9653,9.8567,17.4937,34.5997,76.4025,125.1639,104.4838,43.3852,3.7348,-10.6885,-10.815,-10.8597,-12.2656,-13.4254,-14.1081,-14.2556,-12.9042,-9.4149,-11.4185,-2.2381,2.2805,9.3862,19.0112,9.8117,0.0057,-0.0508,-4.8373,-6.996,-6.864,-4.3671,-1.9199,-6.5705,-13.7649,-5.8185,8.427,12.9245,11.7005,9.1659,6.6717,4.3752,2.1538,-0.1807,-2.8775,-6.2196,-9.7295,-7.5709,6.6989,12.0622,7.8847,2.3936,2.142,6.6416,11.2508,12.561,11.6431,9.9646,7.9347,5.523,2.0174,-4.4602,19.0778,18.0272,5.2025,-3.0601,2.3606,9.7123,-5.3978,-9.393,-10.4668,-10.2161,-7.8799,-0.4443,8.0554,10.216,9.7444,8.5586,7.5934,5.9112,-3.2481,-5.3578,-4.0762,-2.761,-1.5653,-0.0306,1.0357,-18.6208,-16.4503,-10.3884,-7.7058,-5.1808,-1.7155,3.2491,7.8969,8.3435,5.6888,3.4593,3.1813,4.289,3.4576,-3.2773,7.3182,19.4295,2.4384,-0.2351,-5.6458,-5.6452,3.041,3.4345,0.8313,10.8299,-7.4576,-4.7813,-2.6768,-2.1313,-1.6144,-0.9884,-0.2098
-0.7677,-1.8287,-2.4973,0.9141,12.5911,28.1281,33.547,26.5779,17.7194,11.9211,9.5666,10.4038,14.7905,25.0166,51.415,125.1639,225.892,210.0705,104.9511,27.0799,-8.2825,-16.9457,-18.4115,-18.8495,-19.17,-19.5096,-19.5408,-17.8304,-13.9875,-22.4878,-8.4378,6.4679,18.8066,17.8946,-10.3378,-19.4972,0.082,12.6515,4.9232,-2.6648,-4.341,-6.0428,-18.4304,-19.5851,7.8599,22.117,22.2273,18.2622,13.8539,9.9106,6.3843,3.0101,-0.5294,-4.625,-9.6703,-14.8495,-11.5588,10.2195,18.9267,13.3738,5.3087,4.3095,11.7556,20.5121,22.9009,20.3632,16.388,12.2403,7.8539,2.0638,-7.275,13.8751,23.5686,9.4254,-4.8154,4.8051,18.2392,-1.4618,-7.0329,-9.2448,-10.0387,-8.5649,-1.4893,5.9139,9.247,11.8784,12.4915,12.5046,11.494,-4.2385,-10.3783,-7.5835,-5.3461,-3.8149,-1.9765,-1.1532,-36.2857,-27.0668,-18.3236,-17.4067,-16.9344,-13.7689,-4.598,7.0583,13.9016,14.404,11.566,9.0414,7.8033,3.3135,-10.2775,10.9087,39.7534,14.9739,9.3696,1.6447,0.3876,8.2439,4.8634,-3.4558,9.917,13.7891,1.4107,-2.1454,-5.0487,-6.5811,-7.0678,-6.7485
-7.4451,-8.9123,-11.2849,-12.4261,-8.6268,2.9386,17.2329,21.3425,18.2469,14.3173,11.6643,10.8396,12.4798,18.7518,39.1092,104.4838,210.0705,225.6338,136.5526,54.6267,6.4799,-17.9837,-24.6076,-22.4005,-19.6536,-18.1745,-17.2046,-14.5604,-6.9077,-11.1547,-7.804,5.2924,16.2409,5.0344,-26.9641,-33.8332,-6.7517,28.4229,21.864,8.4764,2.877,-0.0686,-8.4572,-1.36,19.0499,16.6763,11.187,7.8583,5.2737,3.0011,0.8422,-1.4128,-4.0234,-7.334,-11.7026,-16.7034,-17.2307,-5.7021,3.3178,4.582,-0.6389,-4.7928,-2.258,4.2307,7.0177,5.7223,2.8232,-0.4294,-3.8797,-8.2173,-14.5414,-18.2537,11.6382,7.7204,-7.0629,0.2732,17.443,8.0014,4.429,2.0311,0.2504,-0.3271,1.311,0.7348,1.5463,4.5438,4.8718,2.6437,-2.71,-10.9638,-7.6651,-1.2259,0.4165,0.5632,1.2691,4.7105,-17.5011,-15.9785,-16.5641,-20.4824,-23.5765,-21.7126,-11.1726,2.4266,13.9233,18.9754,16.1891,10.3252,6.0231,1.1599,-12.1819,-1.4458,24.3261,17.6026,17.845,16.0931,19.7209,21.1043,9.0773,-6.4604,-8.9776,22.989,7.2728,-1.4033,-7.0331,-10.283,-11.8733,-12.2703
-4.6708,-5.1471,-7.4582,-12.3883,-20.3812,-25.0437,-14.8354,-2.2129,3.9298,5.8359,5.8967,5.2854,4.6975,5.3011,12.0311,43.3852,104.9511,136.5526,116.6296,86.3803,54.1397,11.9644,-13.6867,-17.3876,-14.8859,-12.6685,-11.1408,-8.7907,-0.8215,6.6352,-1.2432,0.4785,12.6477,11.0051,-17.6273,-26.4501,-6.5457,24.1633,15.8077,2.4373,-3.2298,-4.2337,-2.4893,8.9844,10.8809,-3.9935,-9.1912,-8.7161,-7.4371,-6.5022,-6.02,-5.9761,-6.4019,-7.3911,-9.0322,-11.1187,-12.2478,-9.4024,-5.6335,-2.1115,-2.6369,-5.1154,-5.8479,-5.4459,-7.1501,-9.9863,-12.3709,-14.0213,-15.2159,-16.5335,-18.1789,-27.7849,9.9821,11.8814,1.0404,-2.8872,2.1803,6.1063,6.8157,6.1575,5.1707,4.3783,3.7258,4.0312,7.7364,7.4696,4.7657,2.1131,-1.2293,-1.3649,-3.0348,-0.9765,-1.5746,-3.2948,-5.2824,-5.0331,-1.2465,9.9707,1.995,-6.6643,-12.7236,-13.9498,-8.5696,-1.0416,6.8976,11.2481,8.6401,2.7156,-0.0768,2.1368,3.4472,5.4848,-1.9109,-0.8462,6.5085,10.0511,18.194,21.2689,8.7838,-4.7349,-11.8012,16.8719,6.2463,-1.036,-5.331,-7.8306,-9.1247,-9.5578
-3.3308,-2.7494,-3.2713,-6.6936,-17.1047,-31.0915,-27.0895,-12.7585,-3.4005,0.605,1.6554,1.0877,-0.5481,-2.8701,-4.2301,3.7348,27.0799,54.6267,86.3803,137.0522,169.6817,109.0026,37.109,7.4215,-0.4102,-2.2715,-2.5435,-2.0032,1.1437,11.762,5.9244,0.4555,11.668,23.6186,0.4251,-14.65,-2.9913,10.0799,3.0169,-1.7722,-2.3133,0.5833,6.8613,19.9834,10.7513,-7.3171,-11.591,-10.4758,-8.4398,-6.6664,-5.2582,-4.1039,-3.0633,-1.9731,-0.6018,1.5304,6.0058,10.489,-0.4026,-9.8566,-11.7113,-12.4412,-13.0868,-14.5283,-17.3044,-19.4335,-19.6789,-18.7879,-17.6806,-17.2532,-21.327,-39.1396,4.6413,10.3497,7.4748,23.0122,12.3977,5.3931,5.392,5.9582,6.5131,7.2022,6.9491,9.4413,13.5617,9.5964,6.0187,7.3766,12.7536,17.7806,2.4843,-4.0359,-6.711,-8.9072,-11.5111,-11.0867,15.393,25.8178,17.6743,10.5493,5.3328,1.7697,0.1134,-0.4315,0.4043,0.425,-3.2176,-8.1046,-7.3471,1.6311,13.8535,3.9029,-30.4763,-13.1416,-0.0621,0.2673,-3.7275,-5.0876,-8.6316,-10.5658,-4.6512,-15.0375,-13.5672,-11.5871,-10.6565,-9.8863,-9.1699,-8.4742
-4.3515,-3.7211,-2.504,-1.7273,-6.4864,-18.5206,-17.4968,-7.4232,-1.5267,0.2846,0.1676,-0.892,-2.6744,-5.2814,-8.7509,-10.6885,-8.2825,6.4799,54.1397,169.6817,288.3562,233.2137,114.9432,51.5501,27.9485,19.1814,16.0547,15.5925,15.152,11.4786,0.4074,-5.6421,-3.8381,16.4266,20.9882,2.517,-3.8999,-17.8542,-13.8308,-0.0496,8.1714,14.0079,17.4206,31.0868,16.6536,0.0693,-3.9566,-4.655,-4.1405,-3.3567,-2.506,-1.5336,-0.2919,1.4166,3.7331,6.6593,12.4444,22.9933,11.0488,-12.2205,-17.4331,-18.204,-18.7308,-18.8761,-18.4144,-16.5753,-13.1697,-9.6153,-6.9727,-5.8855,-13.6363,-47.1804,-8.5424,-0.5587,0.8576,53.5738,40.4551,8.9036,4.2628,4.5219,5.6218,6.6583,4.2475,1.6162,1.1844,-1.7116,-1.0131,5.0186,7.3561,4.4425,2.9517,-2.7318,-5.1549,-5.8919,-5.9528,-1.1808,20.4367,10.8568,13.7637,15.2192,14.3349,9.8897,2.3221,-3.9693,-8.4592,-12.0978,-15.9854,-17.8526,-9.8061,6.7422,21.0675,-9.2606,-53.0315,-19.0174,-0.1075,-3.9788,-23.5155,-28.3343,-18.1283,-7.935,18.5283,-29.8089,-28.4497,-19.1773,-14.0823,-10.6745,-8.3151,-6.6913
-1.4985,-1.6562,-0.5095,1.5036,0.497,-6.5792,-7.5215,-3.9473,-2.4415,-2.4314,-2.8134,-3.2594,-3.8713,-4.978,-7.1904,-10.815,-16.9457,-17.9837,11.9644,109.0026,233.2137,223.7952,133.7098,74.2147,48.6553,38.3234,34.6568,34.3637,31.0054,6.5775,-16.4857,-17.1797,-22.0503,-2.2582,26.8117,18.7628,0.763,-33.3284,-26.1452,-4.0329,6.3885,7.6053,-0.5276,10.5661,15.6488,9.0599,4.4769,1.8541,0.6422,0.0537,-0.1987,-0.1798,0.1244,0.7046,1.2196,0.2506,-2.7722,3.3832,9.7596,-1.8832,-2.5172,-0.7178,-0.0592,-0.1262,0.2083,1.8551,4.5866,7.1202,8.6472,8.8221,2.346,-19.5019,-2.3263,-3.1206,-9.7753,33.9612,30.443,0.0578,-4.0999,-3.7854,-3.0947,-3.0409,-6.0618,-11.0829,-13.8595,-11.6705,-5.7546,1.4754,-4.3274,-20.7642,-1.8351,-0.3649,-0.5126,0.8065,3.7076,11.6479,6.788,-16.599,-2.6551,5.4727,8.4998,5.4853,-1.7079,-6.1122,-9.5274,-12.8249,-14.7319,-13.45,-3.4958,11.2664,20.8348,1.6212,-17.4178,-11.2083,1.2074,1.7949,-8.6376,-10.7618,-3.5419,1.0165,21.4736,-8.3603,-10.8901,-5.3583,-2.2526,-0.2701,0.9562,1.6324
-3.8528,-5.3541,-6.2237,-6.8767,-8.9706,-12.1433,-10.2743,-6.644,-4.9575,-4.4126,-4.1962,-4.1016,-4.23,-4.8791,-6.7263,-10.8597,-18.4115,-24.6076,-13.6867,37.109,114.9432,133.7098,99.5595,67.4318,50.739,43.2593,40.4344,39.388,31.5691,0.3244,-18.7379,-13.8315,-18.7887,-7.1486,18.5393,21.518,8.5968,-24.19,-24.9004,-10.5121,-4.3082,-6.7197,-16.7571,-6.4558,14.1729,11.2182,4.39,1.1711,-0.2765,-1.0326,-1.4287,-1.5703,-1.4928,-1.2365,-1.0552,-2.1114,-6.2846,-4.6125,5.4363,1.5424,1.6378,3.0662,4.5109,6.6326,9.1227,11.4841,13.5444,14.9855,15.5734,15.0415,10.6518,5.8095,7.5052,0.6493,-11.9173,12.1039,15.2489,-1.5873,-3.1757,-2.9727,-3.1062,-3.9342,-5.2596,-6.8097,-7.7167,-4.102,1.8426,8.9044,8.0469,-14.0666,-3.9563,-1.1205,0.5542,3.2243,7.838,18.3878,0.0341,-30.9226,-16.1122,-7.0055,-2.6546,-2.3198,-2.814,-0.6409,-1.1836,-4.0989,-5.5934,-4.2483,1.3592,7.8224,11.4564,10.9465,2.6764,-2.9575,2.7893,7.9852,11.5556,8.7705,4.8102,-1.4382,2.1487,8.1469,5.8169,5.4608,5.1995,4.8723,4.4339,3.879
-5.227,-6.987,-8.7888,-11.4512,-15.9744,-19.7748,-17.5815,-12.8868,-9.5277,-7.4748,-6.1813,-5.4135,-5.1731,-5.6824,-7.6382,-12.2656,-18.8495,-22.4005,-17.3876,7.4215,51.5501,74.2147,67.4318,53.0142,43.7895,39.3384,37.6747,36.6042,28.3085,-0.0269,-15.5082,-9.2892,-12.9938,-8.6062,10.4456,18.5882,11.5916,-13.7708,-19.1366,-11.3109,-7.8259,-10.1081,-15.6972,-3.6853,15.4732,9.3653,1.4913,-1.3226,-2.2833,-2.6736,-2.8181,-2.8089,-2.6733,-2.4112,-2.0625,-2.1795,-4.9374,-5.4823,3.387,2.0121,0.9561,0.8807,2.0394,5.4118,9.3684,12.2818,14.0983,15.1219,15.4668,14.9202,11.275,6.5582,8.2959,3.4227,-8.5378,3.4813,5.9662,-0.5151,-0.1902,-0.0176,-0.6137,-2.0291,-3.0902,-2.7327,-1.3209,2.5798,7.3627,13.4221,14.1712,-10.4248,-7.4075,-3.5667,-0.767,2.329,6.9858,16.3842,-5.733,-32.1915,-19.3053,-11.8499,-8.0487,-6.3105,-3.2621,2.0499,3.3226,1.0609,-0.8342,-1.0932,0.6059,2.4219,4.183,14.0683,3.6745,-1.6025,1.4832,6.5794,13.0723,10.4656,4.1417,-4.6445,-7.874,16.1005,12.6494,9.0192,6.9561,5.4262,4.1653,3.0533
-4.8591,-6.3712,-8.2696,-11.7968,-18.2425,-24.3276,-23.5393,-18.4865,-13.8629,-10.5846,-8.3724,-6.9765,-6.3293,-6.6109,-8.5502,-13.4254,-19.17,-19.6536,-14.8859,-0.4102,27.9485,48.6553,50.739,43.7895,38.4102,35.7886,35.0032,34.3924,27.3414,2.1958,-13.4813,-7.952,-11.0088,-10.4379,5.5701,16.3482,12.7463,-7.5333,-14.5612,-9.7363,-7.2566,-8.8943,-11.6336,1.4137,16.1038,7.283,-0.3471,-2.592,-3.1543,-3.293,-3.2936,-3.228,-3.1151,-2.9382,-2.6517,-2.5788,-5.2323,-7.4382,2.0327,3.0789,1.5979,0.5865,1.1707,4.4936,8.4533,11.1264,12.5691,13.2992,13.5279,13.0271,9.3863,1.1465,7.8913,5.5175,-4.7309,1.3669,1.2559,-0.0775,1.2346,1.4729,0.767,-0.8099,-1.8536,-0.8217,1.641,5.4477,9.4495,14.6867,14.7968,-10.4228,-9.6559,-5.1227,-1.8406,1.2915,5.5938,13.2842,-10.0175,-30.3806,-18.8614,-12.9092,-9.8817,-8.082,-4.2348,1.9581,4.4043,3.0058,0.9033,-0.6313,-1.046,-0.9628,0.7175,15.27,2.6307,-2.3302,-0.107,4.129,10.143,7.9979,2.0124,-6.7855,-12.4312,19.037,15.5354,10.4479,7.6009,5.5573,3.9584,2.6372
-4.206,-5.4475,-7.2464,-11.1672,-18.9194,-27.0246,-27.6411,-22.5041,-17.0903,-13.0141,-10.1728,-8.3059,-7.3055,-7.3297,-9.1378,-14.1081,-19.5096,-18.1745,-12.6685,-2.2715,19.1814,38.3234,43.2593,39.3384,35.7886,34.1773,34.0467,34.2045,29.0782,5.9685,-12.1479,-8.3694,-11.2503,-12.1357,3.1976,15.2361,13.0575,-4.4637,-11.9998,-8.3783,-6.1907,-7.532,-9.3436,3.9516,15.6921,5.793,-1.2093,-3.036,-3.391,-3.4274,-3.3916,-3.3421,-3.2954,-3.2352,-3.1036,-3.2275,-6.5887,-10.245,1.0818,4.5715,2.9596,1.2627,1.2182,4.1023,7.6724,9.9526,11.0552,11.5663,11.714,11.2189,7.3099,-3.0754,8.5793,7.3747,-1.9069,1.3187,-0.6458,0.2694,1.9525,2.1886,1.4284,-0.2071,-1.272,-0.1357,2.5875,6.3354,10.0602,14.9565,14.3703,-11.456,-11.2457,-6.2581,-2.7384,0.3951,4.4716,11.2044,-12.4667,-28.8206,-18.2235,-13.2894,-10.8664,-9.3739,-5.5219,1.046,4.4141,3.7749,1.6223,-0.6939,-2.2188,-2.8496,-0.924,16.2154,2.4909,-3.1815,-1.352,2.262,7.5645,5.8169,0.3619,-8.1239,-14.9392,20.4734,17.3627,11.4684,8.1885,5.8621,4.0738,2.6326
-3.8914,-4.87,-6.5044,-10.5845,-19.1396,-28.6754,-30.3702,-25.219,-19.3492,-14.82,-11.5974,-9.4025,-8.1004,-7.8295,-9.3615,-14.2556,-19.5408,-17.2046,-11.1408,-2.5435,16.0547,34.6568,40.4344,37.6747,35.0032,34.0467,34.6971,36.6082,35.7063,14.7948,-9.8197,-10.8521,-14.0694,-13.9903,3.4757,15.1548,12.4382,-3.3245,-10.8948,-7.7277,-5.4424,-6.7048,-8.656,4.376,14.1743,4.5802,-1.5849,-3.1198,-3.4038,-3.4386,-3.4319,-3.4336,-3.4597,-3.4966,-3.4991,-3.9238,-8.5037,-13.8419,0.5256,6.5708,4.5695,1.9233,1.0066,3.3356,6.5544,8.5205,9.3332,9.6571,9.7567,9.2942,5.0351,-5.7744,10.3624,8.9874,-0.432,1.5233,-0.1615,1.5047,2.9089,2.8388,1.7984,-0.1473,-1.6868,-1.4178,0.9474,5.1762,9.368,14.4909,13.3249,-14.5403,-13.7475,-8.064,-4.3298,-1.1504,2.8795,9.7497,-12.4163,-26.8568,-17.9475,-14.1036,-12.3535,-11.3408,-7.4933,-0.2057,4.3993,4.6789,2.6629,-0.1511,-2.4076,-3.5759,-1.4743,18.0015,3.457,-3.6469,-2.1396,0.9377,5.3605,3.7819,-1.1135,-8.7416,-15.6752,22.4596,18.676,12.0631,8.4454,5.9118,3.9821,2.4427
-4.0087,-4.4552,-5.5543,-9.0546,-16.8684,-26.1908,-28.8153,-24.4103,-19.0543,-14.9052,-11.8845,-9.7123,-8.2555,-7.6216,-8.5322,-12.9042,-17.8304,-14.5604,-8.7907,-2.0032,15.5925,34.3637,39.388,36.6042,34.3924,34.2045,36.6082,43.8907,57.1443,45.3915,1.3574,-17.1879,-23.3438,-17.9913,8.8322,16.4722,9.3436,-3.4605,-10.7702,-8.2537,-5.5048,-6.6335,-9.1667,3.2753,10.24,3.0784,-1.4254,-2.7013,-3.1,-3.3055,-3.4646,-3.6213,-3.793,-3.9698,-4.1498,-5.144,-12.2884,-20.3753,1.5949,11.2933,7.4049,2.2841,-0.7343,0.4305,3.2337,4.8726,5.251,5.2597,5.3325,5.1582,1.129,-6.6892,13.0309,9.4883,-1.2813,1.2082,5.6943,6.1606,5.6059,4.2032,2.0359,-1.1942,-4.8678,-8.4054,-7.7914,-1.6056,4.624,10.6536,8.1682,-24.264,-18.9257,-11.5548,-7.7434,-4.6389,-0.6133,8.0998,-6.6268,-21.1265,-17.7883,-16.3451,-15.9875,-15.9065,-11.7533,-2.5767,4.7811,7.1537,5.9934,3.228,0.9284,-0.4759,1.4901,22.4381,5.2283,-3.905,-2.2001,0.408,3.1245,0.9275,-3.2119,-8.0945,-12.3566,29.0431,19.2297,11.4253,7.4339,4.743,2.7292,1.1397
-2.2378,-0.8068,0.4964,1.1174,1.0276,-1.6699,-7.4698,-9.2863,-8.5701,-7.5485,-6.5724,-5.7072,-5.0197,-4.6311,-5.1515,-9.4149,-13.9875,-6.9077,-0.8215,1.1437,15.152,31.0054,31.5691,28.3085,27.3414,29.0782,35.7063,57.1443,116.8641,159.9184,69.6259,-11.0459,-35.5239,-25.8463,20.6554,17.0745,-1.2614,-3.2471,-10.4867,-12.3471,-9.6188,-9.5939,-8.84,7.4622,3.8435,0.4575,-0.051,-0.7776,-1.6436,-2.4866,-3.2952,-4.1062,-4.9525,-5.8624,-7.0141,-10.1868,-24.2147,-36.0842,12.1488,27.5332,15.332,3.3981,-4.3138,-5.856,-4.3128,-3.8302,-4.7623,-5.6638,-5.6909,-4.5038,-4.0501,-5.456,9.0548,3.9455,-3.82,3.2929,22.2369,16.635,10.772,5.9625,0.9439,-5.4898,-14.0745,-25.103,-27.9334,-18.6426,-9.3262,-3.4136,-10.7753,-45.3296,-22.1456,-12.6002,-10.2306,-8.1271,-4.5561,7.5867,13.5815,-2.0776,-15.6685,-20.0186,-22.2901,-23.0813,-17.6742,-5.8764,5.6206,11.5543,12.036,10.71,12.6216,15.5096,17.5704,29.7813,-4.3096,-10.1683,-2.5273,1.7936,2.6276,-2.0008,-5.431,-5.1381,-0.0525,56.6506,19.2665,8.3731,3.6548,0.8371,-1.0807,-2.4536
4.7942,9.4321,15.4067,25.0809,41.2829,50.0257,33.7533,16.8377,8.9788,5.6685,4.1572,3.2071,2.1874,0.7153,-2.1544,-11.4185,-22.4878,-11.1547,6.6352,11.762,11.4786,6.5775,0.3244,-0.0269,2.1958,5.9685,14.7948,45.3915,159.9184,349.3469,268.1,90.5131,15.4519,-17.4467,6.7254,-4.2911,-14.1486,8.1865,-3.9537,-20.3792,-22.3615,-20.3913,-9.075,15.0538,2.6064,4.6672,7.5175,6.8387,5.0971,3.319,1.6897,0.2307,-0.9884,-1.8111,-2.1794,-4.0264,-19.2291,-35.6907,20.759,20.9883,-5.1889,-14.79,-13.4761,-9.5934,-7.3412,-8.6011,-11.5153,-13.8211,-14.5874,-12.3858,-2.8914,-2.3341,-12.6291,-12.31,-5.7823,3.139,11.2573,1.6028,-4.4398,-9.2488,-14.1194,-19.7517,-23.9145,-23.4372,-21.0945,-17.0366,-13.4825,-13.5136,-22.898,-40.7568,-9.4452,-6.1377,-7.4309,-7.1084,-4.6427,7.4348,50.5032,37.0157,-3.7099,-15.4374,-19.5374,-17.4231,-7.7592,2.967,11.6467,16.2299,16.4489,17.0897,25.3197,34.5926,36.3651,34.2892,-29.1493,-19.8105,-2.4002,8.8822,17.3934,9.0326,2.4066,8.3571,33.2721,73.4985,-6.9513,-12.6588,-13.1059,-12.3971,-11.3226,-10.0706
0.491,2.8305,6.7014,15.4587,32.1479,42.8115,29.8752,13.8833,6.0903,3.2709,2.5049,2.394,2.3429,2.1489,1.4986,-2.2381,-8.4378,-7.804,-1.2432,5.9244,0.4074,-16.4857,-18.7379,-15.5082,-13.4813,-12.1479,-9.8197,1.3574,69.6259,268.1,306.9718,179.4297,93.8235,3.1051,-40.8118,-41.2088,-19.3042,16.825,15.7623,-1.9347,-8.9837,-10.4498,-7.8121,-6.2902,-10.595,3.811,9.7846,9.634,8.0816,6.6649,5.6772,5.2232,5.5228,7.0502,10.6748,17.2052,22.8646,24.4224,30.1789,-11.0457,-42.1463,-41.0474,-24.7566,-10.5834,-3.6629,-2.1462,-2.5672,-3.4208,-4.4716,-4.7203,2.9447,3.3009,-13.8818,-12.7937,-3.9925,9.5871,-8.0011,-18.6307,-18.8044,-18.2957,-17.3826,-15.0742,-6.7826,9.7693,14.9598,7.4066,1.2044,-3.2966,-5.2343,-8.39,-0.2614,-1.6669,-1.4299,0.3627,3.8023,11.0605,43.8343,22.7154,-5.1846,-10.6863,-13.3534,-11.6223,-4.5621,0.2821,1.5415,1.9275,3.3042,8.759,19.9079,28.0288,28.2494,37.4398,-10.5615,-5.3453,0.2869,8.8605,20.7086,14.8196,12.2878,21.0508,45.774,12.3055,-39.768,-31.9022,-25.9496,-21.1471,-17.1512,-13.7487
-5.9701,-8.6837,-11.7146,-14.2202,-14.2914,-11.3004,-9.0008,-8.2927,-7.2932,-5.759,-4.2816,-3.1572,-2.3532,-1.6512,-0.5299,2.2805,6.4679,5.2924,0.4785,0.4555,-5.6421,-17.1797,-13.8315,-9.2892,-7.952,-8.3694,-10.8521,-17.1879,-11.0459,90.5131,179.4297,162.5711,129.5366,40.5163,-58.0286,-51.9179,-14.6364,14.2423,21.1798,12.7589,6.7674,2.441,-6.3725,-19.2512,-12.6462,1.0749,4.563,4.439,3.8861,3.6826,3.9484,4.7668,6.3386,9.0843,13.7845,21.3553,29.9528,31.6993,11.6897,-23.5226,-35.0819,-25.904,-8.9235,3.1668,7.1875,7.1464,6.4281,5.4545,3.7618,1.1374,0.7517,-0.8685,4.083,2.6152,6.8498,20.3465,-8.6574,-17.0376,-13.0858,-9.4495,-6.0439,-2.2488,4.1983,16.368,19.5011,10.8812,4.4878,0.1021,-4.0226,0.7756,1.7807,3.4949,6.7069,9.8086,13.6037,16.9442,20.9796,-5.8396,-7.8359,-4.6306,-4.5415,-4.7993,-3.624,-4.3831,-8.6531,-12.4336,-12.7391,-7.4648,3.3657,12.7876,19.2809,36.7915,-13.5346,-8.0854,-5.8528,-1.3119,4.3266,-2.3674,-5.4936,-6.4089,7.7257,14.0149,-8.907,-6.6722,-5.1119,-3.9255,-2.9645,-2.2054
-11.4771,-17.75,-26.4372,-38.9707,-53.2857,-55.7447,-40.7447,-24.8379,-14.9377,-9.1139,-5.8331,-4.1546,-3.2895,-2.3229,0.6773,9.3862,18.8066,16.2409,12.6477,11.668,-3.8381,-22.0503,-18.7887,-12.9938,-11.0088,-11.2503,-14.0694,-23.3438,-35.5239,15.4519,93.8235,129.5366,175.6696,160.3934,0.8295,-35.1971,-9.832,14.6224,19.2407,13.5295,10.136,6.4925,-5.3757,-19.357,-0.5179,7.2529,2.4401,0.3182,0.0753,0.7521,2.0649,4.0302,6.8469,10.9187,16.8353,24.3034,26.2529,9.0123,-17.4995,-20.9324,-6.1136,12.0937,27.558,31.4187,23.5482,13.1979,6.2936,2.5016,-0.1044,-3.4632,-8.8736,-1.7744,29.1744,18.5371,11.577,21.4765,2.6289,-4.9471,-1.8153,0.9995,2.9013,3.414,3.0444,6.5409,5.8939,-0.4672,-2.6097,-2.9032,0.8033,28.5347,11.6687,5.0345,6.4481,8.0019,9.0667,8.8043,19.0414,-0.9796,3.4494,7.0038,7.1915,6.024,5.1634,2.2629,-6.0516,-14.7533,-19.8085,-19.3165,-12.0264,-1.5084,15.7718,48.6028,-34.9988,-27.7613,-17.5094,-13.3647,-10.1098,-16.2767,-25.9997,-37.1395,-41.9108,18.4239,21.3607,16.6366,13.3025,10.6534,8.4181,6.4018
-12.8945,-17.5885,-23.019,-29.3782,-35.2653,-35.7339,-31.4863,-22.7163,-12.6228,-5.174,-0.8521,1.3193,2.5044,4.2408,9.4628,19.0112,17.8946,5.0344,11.0051,23.6186,16.4266,-2.2582,-7.1486,-8.6062,-10.4379,-12.1357,-13.9903,-17.9913,-25.8463,-17.4467,3.1051,40.5163,160.3934,346.9761,221.6648,76.3774,13.4492,3.4409,4.4103,4.2735,6.8097,9.0232,5.1786,-9.7288,-10.8534,-12.0806,-14.4327,-12.2577,-9.63,-7.2673,-5.0304,-2.7401,-0.2343,2.6516,5.9787,8.6659,3.7238,-18.8207,-26.6093,3.8059,32.0766,47.5713,51.7666,40.9329,19.6777,2.0137,-5.6971,-6.6985,-5.2424,-3.5459,0.8281,18.8894,38.8239,27.2022,11.9498,24.3145,16.3731,0.1727,0.705,2.3797,3.7887,6.8516,17.0965,25.3581,11.1378,-3.3805,-5.6029,-3.1435,8.1436,63.2526,30.7742,9.6661,4.6184,1.8853,-1.8271,-5.4684,17.4753,11.9056,13.3113,10.9976,6.4377,1.096,-0.2707,4.1123,3.0491,-3.1292,-9.6214,-15.0476,-16.2242,-12.473,1.1329,58.5046,13.3461,-10.1851,1.3681,1.4163,-8.0335,-12.5235,-21.8614,-37.5503,-60.7184,5.1366,20.0609,15.7346,12.4628,9.8004,7.4772,5.2836
-1.3385,0.7149,5.8314,17.1678,34.6054,39.2937,15.9289,-2.2153,-4.6386,-1.9141,1.0848,3.5507,5.7068,8.2121,11.7283,9.8117,-10.3378,-26.9641,-17.6273,0.4251,20.9882,26.8117,18.5393,10.4456,5.5701,3.1976,3.4757,8.8322,20.6554,6.7254,-40.8118,-58.0286,0.8295,221.6648,283.8527,153.1931,35.9049,-18.7364,-25.852,-19.8169,-11.9624,0.7993,27.2872,36.9623,-2.3855,-20.7879,-19.3445,-14.6494,-11.4999,-9.713,-8.794,-8.5401,-8.9429,-10.1049,-12.0656,-14.1526,-14.6974,-14.8931,0.5001,14.5961,17.0325,13.2858,5.7259,-3.2302,-10.0936,-11.407,-7.5961,-1.8533,3.7682,10.092,23.7003,21.467,-11.5204,-6.3869,-16.5677,-7.4477,6.1319,-2.3646,-3.0289,-3.0694,-2.5283,2.3103,19.7014,32.7436,17.4422,4.3291,1.3663,0.8295,-5.5272,12.3512,12.737,4.9314,1.0529,-1.2882,-3.9415,-8.1707,-8.997,-4.0626,-5.3589,-10.4048,-17.6709,-26.0619,-28.379,-17.1743,-4.3556,2.8202,6.1132,6.2255,6.8275,8.2103,4.0267,28.0294,32.766,7.1401,15.1551,8.2523,-13.0999,-7.3699,6.3555,12.5174,17.3455,-11.6661,-19.5682,-14.4767,-10.8399,-8.2185,-6.256,-4.792
8.56,10.4049,14.3493,23.067,36.2754,36.2652,9.7019,-9.8305,-12.9468,-10.3347,-6.8092,-3.3862,-0.2153,2.6699,4.6729,0.0057,-19.4972,-33.8332,-26.4501,-14.65,2.517,18.7628,21.518,18.5882,16.3482,15.2361,15.1548,16.4722,17.0745,-4.2911,-41.2088,-51.9179,-35.1971,76.3774,153.1931,135.7278,108.277,57.5866,7.6233,-13.4289,-15.7854,-5.4749,24.7768,40.3935,12.8559,-5.4075,-8.1078,-6.5082,-5.2251,-4.6669,-4.6956,-5.2665,-6.427,-8.2498,-10.5717,-12.0686,-9.4791,-1.1223,14.1768,11.086,5.8574,5.5957,5.3371,2.6653,-0.2971,-1.2797,-0.2592,1.588,3.5299,5.8538,9.4979,7.1045,-16.2145,-12.329,-17.2849,-11.8118,-6.3533,-9.2436,-8.3518,-7.6599,-6.8269,-3.3279,9.2607,21.717,17.3592,10.8274,7.6395,5.3922,-7.3338,-12.0416,5.3176,8.2813,8.2543,8.723,9.4438,5.9065,-13.2567,-21.6939,-17.5308,-12.8344,-9.9608,-12.2482,-17.4204,-14.1835,-7.4831,-3.4947,-1.9875,-2.2869,-0.4908,4.9312,5.2103,10.4707,-4.7943,-13.47,-0.5271,1.1774,1.3054,9.6638,7.3377,4.837,21.1395,1.7426,-14.1896,-8.8866,-4.7501,-1.8577,0.2615,1.9051
8.2748,8.321,8.6693,11.9612,21.5466,27.4788,11.6316,-1.9094,-4.7801,-4.3643,-3.449,-2.5321,-1.796,-1.4727,-1.5172,-0.0508,0.082,-6.7517,-6.5457,-2.9913,-3.8999,0.763,8.5968,11.5916,12.7463,13.0575,12.4382,9.3436,-1.2614,-14.1486,-19.3042,-14.6364,-9.832,13.4492,35.9049,108.277,216.4985,210.8502,95.5138,21.0335,-6.6275,-13.5126,0.3711,21.489,39.4267,25.4497,9.1183,3.7668,2.1955,1.5569,1.1044,0.6226,0.0503,-0.5806,-1.0634,-0.8912,-0.1045,3.8446,12.0094,-3.8348,-12.6206,-3.9368,8.7747,12.4383,8.1675,2.3278,-1.9445,-4.398,-5.6132,-6.7984,-12.6687,-10.8744,-3.3765,-4.258,-10.1301,1.5886,-3.3083,-10.8646,-10.7786,-10.1984,-9.7316,-8.0227,0.2073,13.2579,17.858,14.8666,11.6876,11.3363,5.3609,-19.593,-12.3744,-3.575,-0.6134,1.1391,1.5922,-7.5496,-8.4523,-9.8893,-13.093,-7.089,-0.9211,-4.5603,-17.378,-19.1814,-10.9723,-4.5375,-3.8643,-6.5262,-7.148,-2.8332,0.8942,3.0581,-23.0656,-25.8331,-14.1491,-8.178,7.9492,20.4747,2.7524,-8.8181,6.735,25.3626,0.9145,-0.094,0.8521,1.7482,2.5326,3.2852
-1.7476,-1.8532,-2.8642,-2.6441,4.5284,15.9284,11.8214,6.5135,5.4136,4.1826,2.2631,-0.0077,-2.4841,-5.2198,-7.8214,-4.8373,12.6515,28.4229,24.1633,10.0799,-17.8542,-33.3284,-24.19,-13.7708,-7.5333,-4.4637,-3.3245,-3.4605,-3.2471,8.1865,16.825,14.2423,14.6224,3.4409,-18.7364,57.5866,210.8502,281.3831,179.3119,82.5197,35.8283,8.3186,-7.2171,2.3313,36.7169,28.9918,11.3881,4.8136,2.7961,2.138,1.9093,1.8397,1.8519,1.9129,1.8458,0.5564,-5.233,-5.7446,13.0612,1.5276,-14.8397,-14.2941,-5.8276,-3.1665,-7.5327,-13.2172,-16.9133,-18.4201,-18.4413,-17.2407,-9.6215,-13.2891,2.0583,0.6013,-11.0277,-5.2254,3.7823,9.3696,7.1066,4.6835,2.5619,0.8364,-0.4794,-3.5939,-6.3337,-7.3357,-6.994,-4.4179,7.4089,5.2092,-3.6142,-0.426,0.1842,-0.0698,-1.9219,-10.389,23.0601,24.3741,0.4445,-2.5231,-1.0046,-5.6622,-17.6114,-19.0853,-5.2836,7.7915,9.7499,4.3417,-1.8278,-6.1932,-9.0392,-13.4045,-15.2103,-12.1283,-12.0576,-12.4216,-2.0424,15.4872,11.8082,9.319,-3.2765,23.1829,6.6899,-0.0001,-3.2842,-5.1376,-6.087,-6.4001
-5.7281,-5.6296,-6.035,-6.1714,-3.11,2.8001,0.4424,-2.2148,-2.3512,-2.7328,-3.6406,-4.7284,-5.7359,-6.6087,-7.5514,-6.996,4.9232,21.864,15.8077,3.0169,-13.8308,-26.1452,-24.9004,-19.1366,-14.5612,-11.9998,-10.8948,-10.7702,-10.4867,-3.9537,15.7623,21.1798,19.2407,4.4103,-25.852,7.6233,95.5138,179.3119,161.4591,109.8707,76.928,49.7777,17.2114,-1.5673,-2.1589,-1.1354,-0.8025,-0.7966,-0.6683,-0.4322,-0.1347,0.1956,0.5197,0.7065,0.25,-2.5238,-9.1783,-2.6629,23.3102,18.96,2.6921,-4.5247,-4.8027,-5.4707,-8.7007,-11.7216,-12.7622,-12.2379,-10.9395,-7.9922,9.0766,-8.6942,3.8469,2.838,-9.5639,-9.6089,3.1492,16.3582,13.5046,10.6876,9.1114,8.4249,4.6768,-8.713,-20.4054,-22.1419,-19.7462,-17.0887,-6.3352,9.4891,6.1105,5.3453,4.5661,3.9014,3.0084,3.5132,40.2103,31.5985,7.9259,3.2228,3.7034,3.5827,-1.1848,-3.9414,4.068,13.5522,14.6647,9.0124,0.5695,-9.4482,-17.9422,-22.9232,6.0503,8.8359,-2.8256,-11.6896,-17.713,0.6464,20.7865,31.9778,6.7509,13.0375,9.317,2.8212,-1.3369,-3.9859,-5.6004,-6.5099
-4.6881,-4.5945,-4.4694,-4.6631,-4.9336,-4.0287,-5.607,-7.8814,-8.5303,-8.482,-8.2594,-7.8816,-7.2162,-6.2458,-5.6113,-6.864,-2.6648,8.4764,2.4373,-1.7722,-0.0496,-4.0329,-10.5121,-11.3109,-9.7363,-8.3783,-7.7277,-8.2537,-12.3471,-20.3792,-1.9347,12.7589,13.5295,4.2735,-19.8169,-13.4289,21.0335,82.5197,109.8707,101.478,89.9579,75.3693,46.5525,20.4913,-10.5935,-15.811,-7.9265,-4.3868,-2.923,-2.0874,-1.443,-0.8618,-0.3439,-0.0543,-0.655,-4.2728,-13.364,-13.0767,9.9471,19.0815,13.0045,6.7412,3.0284,0.147,-3.1217,-5.3296,-5.6726,-4.8725,-3.7144,-1.5606,9.3684,-24.5195,3.3833,6.5334,-1.6839,-0.3777,3.4775,9.9269,7.2462,5.7243,5.6924,6.931,6.0968,-4.1264,-16.1817,-19.1292,-17.0605,-15.0616,-11.1856,4.5609,3.682,1.508,1.0549,0.8414,0.4643,1.286,18.2195,13.0907,5.9839,5.1631,6.345,7.5471,4.9973,2.2378,7.2741,13.7456,13.6324,7.3788,-2.3881,-13.9224,-21.9225,-12.1258,34.6224,21.9852,5.1059,-5.4345,-18.9418,-6.2916,17.6323,29.2381,2.5937,7.683,14.6717,8.6095,4.5853,1.8769,0.0234,-1.2821
